7,673
7,672
7,671
7,670
7,371
7,370
7,669
7,668
7,667
7,666
7,665
7,664
7,369
7,663
7,662
7,661
7,660
7,659
7,658
7,368
7,657
7,656
7,655
7,654
7,653
7,652
7,367
7,651
7,650
7,649
7,648
7,647
7,646
7,366
7,645
7,644
7,643
7,642
7,641
7,640
7,639
7,365
7,638
7,637
7,636
7,635
7,634
7,633
7,364
7,632
7,631
7,630
7,629
7,628
7,627
7,363
7,626
7,625
7,624
7,623
7,622
7,621
7,362
7,620
7,619
7,618
7,617
7,616
7,615
7,361
7,614
7,613
7,612
7,611
7,610
7,609
7,360
7,608
7,607
7,606
7,605
7,604
7,603
7,602
7,359
7,601
7,600
7,599
7,598
7,597
7,596
7,358
7,595
7,594
7,593
7,592
7,591
7,590
7,357
7,589
7,588
7,587
7,586
7,585
7,584
7,356
7,583
7,582
7,581
7,580
7,579
7,578
7,355
7,577
7,576
7,575
7,574
7,573
7,572
7,354
7,571
7,570
7,569
7,568
7,567
7,566
7,565
7,353
7,564
7,563
7,562
7,561
7,560
7,559
7,352
7,558
7,557
7,556
7,555
7,554
7,553
7,351
7,552
7,551
7,550
7,549
7,548
7,547
7,350
7,546
7,545
7,544
7,543
7,542
7,541
7,349
7,540
7,539
7,538
7,537
7,536
7,535
7,348
7,534
7,533
7,532
7,531
7,530
7,529
7,347
7,528
7,527
7,526
7,525
7,524
7,523
7,522
7,346
7,521
7,520
7,519
7,518
7,517
7,516
7,345
7,515
7,514
7,513
7,512
7,511
7,510
7,344
7,509
7,508
7,507
7,506
7,505
7,504
7,343
7,503
7,502
7,501
7,500
7,499
7,498
7,342
7,497
7,496
7,495
7,494
7,493
7,492
7,341
7,491
7,490
7,489
7,488
7,487
7,486
7,485
7,340
7,484
7,483
7,482
7,481
7,480
7,479
7,339
7,478
7,477
7,476
7,475
7,474
7,473
7,338
7,472
7,471
7,470
7,469
7,468
7,467
7,337
7,466
7,465
7,464
7,463
7,462
7,461
7,336
7,460
7,459
7,458
7,457
7,456
7,455
7,335
7,454
7,453
7,452
7,451
7,450
7,449
7,448
7,334
7,447
7,446
7,445
7,444
7,443
7,442
7,333
7,441
7,440
7,439
7,438
7,437
7,436
7,332
7,435
7,434
7,433
7,432
7,431
7,430
7,331
7,429
7,428
7,427
7,426
7,425
7,424
7,330
7,423
7,422
7,421
7,420
7,419
7,418
7,329
7,417
7,416
7,415
7,414
7,413
7,412
7,411
7,328
7,410
7,409
7,408
7,407
7,406
7,405
7,327
7,404
7,403
7,402
7,401
7,400
7,399
7,326
7,398
7,397
7,396
7,395
7,394
7,393
7,325
7,392
7,391
7,390
7,389
7,388
7,387
7,324
7,386
7,385
7,384
7,319
7,318
7,317
7,323
7,316
7,315
7,314
7,313
7,312
7,311
7,310
7,322
7,309
7,308
7,307
7,306
7,305
7,304
7,321
7,303
7,302
7,301
7,300
7,299
7,298
7,320
7,297
7,296
7,295
7,294
7,293
7,292
7,197
7,291
7,290
7,289
7,288
7,287
7,286
7,196
7,285
7,284
7,283
7,282
7,281
7,280
7,195
7,279
7,278
7,277
7,276
7,275
7,274
7,273
7,194
7,272
7,271
7,270
7,269
7,268
7,267
7,193
7,266
7,265
7,264
7,263
7,262
7,261
7,192
7,260
7,259
7,258
7,257
7,256
7,191
7,63
