0,433
0,432
6,673
0,431
6,672
6,671
6,670
6,371
6,370
6,669
6,668
0,430
6,667
6,666
6,665
6,664
6,369
6,663
0,429
6,662
6,661
6,660
6,659
6,658
0,428
6,368
6,657
6,656
6,655
6,654
6,653
0,427
6,652
6,367
6,651
6,650
6,649
6,648
0,426
6,647
6,646
6,366
6,645
6,644
6,643
0,425
6,642
6,641
6,640
6,639
6,365
6,638
0,424
6,637
0,423
6,636
6,635
6,634
6,633
6,364
6,632
0,422
6,631
6,630
6,629
6,628
6,627
0,421
6,363
6,626
6,625
6,624
6,623
0,420
6,622
6,621
6,362
6,620
6,619
6,618
0,419
6,617
6,616
6,615
6,361
6,614
6,613
0,418
6,612
6,611
6,610
6,609
6,360
6,608
0,417
6,607
6,606
6,605
6,604
6,603
0,416
6,602
6,359
6,601
6,600
6,599
6,598
0,415
6,597
6,596
6,358
6,595
6,594
6,593
0,414
6,592
6,591
6,590
6,357
6,589
6,588
0,413
6,587
6,586
6,585
6,584
6,356
6,583
0,412
6,582
6,581
6,580
6,579
6,578
0,411
6,355
6,577
0,410
6,576
6,575
6,574
6,573
6,572
0,409
6,354
6,571
6,570
6,569
6,568
6,567
0,408
6,566
6,565
6,353
6,564
6,563
6,562
0,407
6,561
6,560
6,559
6,352
6,558
6,557
0,406
6,556
6,555
6,554
6,553
6,351
6,552
0,405
6,551
6,550
6,549
6,548
0,404
6,547
6,350
6,546
6,545
6,544
6,543
0,403
6,542
6,541
6,349
6,540
6,539
6,538
0,402
6,537
6,536
6,535
6,348
6,534
6,533
0,401
6,532
6,531
6,530
6,529
6,347
6,528
0,400
6,527
6,526
6,525
6,524
6,523
0,399
6,522
6,346
6,521
6,520
6,519
6,518
0,398
6,517
0,397
6,516
6,345
6,515
6,514
6,513
6,512
0,396
6,511
6,510
6,344
6,509
6,508
6,507
0,395
6,506
6,505
6,504
6,343
6,503
6,502
0,394
6,501
6,500
6,499
6,498
6,342
6,497
0,393
6,496
6,495
6,494
6,493
6,492
0,392
6,341
6,491
6,490
6,489
6,488
6,487
0,391
6,486
6,485
6,340
6,484
6,483
6,482
0,390
6,481
6,480
6,479
6,339
6,478
6,477
0,389
6,476
6,475
6,474
6,473
6,338
0,388
6,472
6,471
6,470
6,469
6,468
0,387
6,467
6,337
6,466
6,465
6,464
6,463
0,386
6,462
0,385
0,384
6,461
6,336
6,460
6,459
6,458
0,383
6,457
6,456
0,382
6,455
6,335
6,454
6,453
6,452
0,381
6,451
6,450
6,449
6,448
6,334
6,447
0,380
6,446
6,445
6,444
6,443
6,442
6,333
0,379
6,441
6,440
6,439
6,438
6,437
0,378
6,436
6,332
6,435
6,434
6,433
6,432
0,377
6,431
6,430
6,331
6,429
6,428
6,427
0,376
6,426
6,425
6,424
6,330
6,423
6,422
0,375
6,421
6,420
6,419
6,418
6,329
6,417
0,374
6,416
6,415
6,414
6,413
6,412
0,373
6,411
6,328
6,410
6,409
6,408
6,407
0,372
6,406
6,405
6,327
6,404
6,403
6,402
0,371
6,401
6,400
6,399
6,326
6,398
0,370
0,369
6,397
6,396
0,368
6,395
6,394
6,393
6,325
6,392
6,391
0,367
6,390
6,389
6,388
6,387
6,324
6,386
0,366
6,385
6,384
6,255
6,254
0,365
6,253
6,323
6,252
6,251
6,250
6,249
0,364
6,248
6,247
6,246
6,322
6,245
6,244
0,363
6,243
6,242
6,241
6,240
6,321
6,239
0,362
6,238
6,237
6,236
6,235
6,234
6,320
0,361
6,233
6,232
6,231
6,230
6,229
0,360
6,228
6,260
6,227
6,226
6,225
6,224
0,359
6,223
6,222
6,259
6,221
6,220
6,219
0,358
6,218
6,217
6,216
6,258
6,215
6,214
0,357
6,213
6,212
6,211
6,210
6,209
6,257
0,356
0,355
6,208
6,207
6,206
6,205
6,204
0,354
6,203
6,256
6,202
6,201
6,200
6,199
0,353
6,198
6,197
6,63
6,196
6,195
6,194
0,352
6,193
6,192
6,191
6,62
6,190
6,189
0,351
6,188
6,187
6,186
6,185
6,61
6,184
0,350
6,183
6,182
6,181
6,180
6,179
0,349
6,60
6,178
6,177
6,176
6,175
6,174
0,348
6,173
6,172
6,59
6,171
6,170
6,169
0,347
6,168
6,167
6,166
6,58
6,165
6,164
0,346
6,163
6,162
6,161
6,160
6,57
6,159
0,345
6,158
6,157
6,156
6,155
0,344
6,154
6,56
6,153
6,152
6,151
6,150
0,343
6,149
0,342
6,148
6,55
6,147
6,146
6,145
6,144
0,341
6,143
6,142
6,141
6,54
6,140
6,139
0,340
6,138
6,137
6,136
6,135
6,53
6,134
0,339
6,133
6,132
6,131
6,130
6,129
0,338
6,52
6,128
6,127
6,126
6,125
6,124
0,337
6,123
6,51
6,122
6,121
6,120
6,119
0,336
6,118
6,117
6,50
6,116
6,115
6,114
0,335
6,113
6,112
6,111
6,49
6,110
6,109
0,334
6,108
6,107
6,106
6,105
6,104
0,333
6,48
6,103
6,102
6,101
6,100
0,332
6,99
6,98
6,47
6,97
6,96
6,95
0,331
6,94
6,93
6,92
6,46
6,91
6,90
0,330
6,89
6,88
6,87
0,329
6,86
6,45
6,85
6,84
6,83
6,82
0,328
6,81
6,80
6,44
6,79
6,78
6,77
0,327
6,76
6,75
6,74
6,73
6,43
6,72
0,326
6,71
6,70
6,69
6,68
6,67
0,325
6,39
6,66
6,65
6,64
6,42
6,41
0,324
6,40
6,32
6,38
6,37
6,36
0,323
6,35
6,34
6,33
6,25
6,31
6,30
0,322
6,29
6,28
6,27
6,26
6,17
6,24
0,321
6,23
6,22
6,21
6,20
6,19
0,320
6,18
6,13
6,16
6,15
6,14
6,12
6,4
6,11
0,319
6,10
6,9
6,8
6,7
6,6
6,5
0,318
0,317
6,3
6,2
6,1
6,0
5,3
5,2
5,1
5,0
4,3
4,2
4,1
4,0
3,6
3,5
3,4
3,3
3,2
3,1
3,0
2,2
1,2
0,243
2,1
2,3
2,0
1,1
1,3
1,0
0,9
0,310
0,305
0,308
0,304
0,303
0,302
0,307
0,12
0,10
0,8
0,0
0,300
0,299
0,298
0,297
0,296
0,295
0,294
0,293
0,292
0,291
0,290
0,289
0,288
0,287
0,286
0,285
0,284
0,283
0,282
0,281
0,280
0,279
0,278
0,277
0,276
0,275
0,274
0,273
0,272
0,271
0,270
0,269
0,268
0,267
0,266
0,265
0,264
0,263
0,262
0,261
0,260
0,259
0,258
0,257
0,256
0,255
0,254
0,253
0,252
0,251
0,250
0,249
0,248
0,247
0,246
0,245
0,244
0,242
0,241
0,240
0,239
0,238
0,237
0,236
0,235
0,234
0,233
0,232
0,231
0,230
0,229
0,228
0,227
0,226
0,225
0,224
0,223
0,222
0,221
0,220
0,219
0,218
0,217
0,216
0,215
0,214
0,213
0,212
0,211
0,210
0,209
0,208
0,207
0,206
0,205
0,204
0,203
0,202
0,201
0,200
0,199
0,198
0,197
0,196
0,195
0,194
0,193
0,192
0,63
0,62
0,61
0,60
0,59
0,58
0,57
0,56
0,55
0,54
0,53
0,316
0,52
0,315
0,51
0,314
0,50
0,313
0,49
0,312
0,48
0,311
0,47
0,309
0,46
0,306
0,45
0,301
0,6
0,5
0,1
0,11
0,4
0,2
0,3
0,7
