6,59
6,58
6,57
6,650
6,56
6,55
6,54
6,651
6,53
6,52
6,51
6,652
6,50
6,49
6,48
6,653
6,47
6,46
6,45
6,44
6,654
6,43
6,42
6,41
6,655
6,40
6,39
6,38
6,37
6,656
6,36
6,35
6,34
6,657
6,33
6,32
6,31
6,658
6,30
6,29
6,28
6,27
6,659
6,26
6,25
6,24
6,23
6,22
6,660
6,21
6,20
6,19
6,661
6,18
6,17
6,16
6,15
6,662
6,14
6,13
6,663
6,12
6,11
6,664
6,10
6,9
6,8
6,665
6,7
6,6
6,5
6,666
6,4
6,667
6,2
5,3
5,2
6,668
5,1
5,0
6,669
4,3
4,2
4,1
6,670
4,0
3,6
6,671
3,5
3,4
3,3
6,672
3,2
3,1
6,1
3,0
6,673
2,2
6,3
1,2
0,369
6,0
0,243
1,1
1,3
1,0
2,1
2,3
2,0
0,9
0,430
0,429
0,428
0,427
0,426
0,425
0,423
0,422
0,421
0,420
0,419
0,418
0,417
0,416
0,415
0,414
0,413
0,412
0,410
0,409
0,408
0,407
0,406
0,405
0,404
0,403
0,402
0,401
0,400
0,399
0,397
0,396
0,395
0,394
0,393
0,392
0,391
0,390
0,389
0,388
0,387
0,386
0,382
0,381
0,380
0,379
0,378
0,377
0,376
0,375
0,374
0,373
0,372
0,371
0,368
0,367
0,366
0,365
0,364
0,363
0,362
0,361
0,360
0,359
0,358
0,357
0,355
0,354
0,353
0,352
0,351
0,350
0,349
0,348
0,347
0,346
0,345
0,344
0,342
0,341
0,340
0,339
0,338
0,337
0,336
0,335
0,334
0,333
0,332
0,331
0,329
0,328
0,327
0,326
0,325
0,324
0,323
0,322
0,321
0,320
0,319
6,60
6,649
6,62
6,63
6,64
6,65
6,647
6,68
6,69
6,646
6,71
6,73
6,74
6,75
6,77
6,644
6,79
6,80
6,81
6,83
6,642
6,85
6,86
6,641
6,89
6,90
6,640
6,92
6,639
6,94
6,96
6,97
6,98
6,100
6,637
6,102
6,104
6,636
6,106
6,107
6,635
6,109
6,111
6,634
6,113
6,115
6,633
6,117
6,118
6,119
6,631
6,121
6,122
6,124
6,629
6,126
6,127
6,628
6,129
6,131
6,627
6,133
6,135
6,626
6,137
6,625
6,139
6,141
6,624
6,143
6,623
6,145
6,622
6,147
6,149
6,150
6,151
6,620
6,153
6,155
6,156
6,157
6,158
6,159
6,161
6,617
6,163
6,164
6,165
6,615
6,167
6,169
6,614
6,171
6,613
6,173
6,175
6,176
6,177
6,178
6,611
6,181
6,182
6,183
6,184
6,609
6,187
6,188
6,608
6,190
6,607
6,192
6,194
6,606
6,196
6,198
6,199
6,605
6,202
6,203
6,204
6,205
6,603
6,207
6,209
6,602
6,211
6,213
6,214
6,215
6,217
6,600
6,219
6,220
6,599
6,222
6,598
6,225
6,226
6,597
6,228
6,230
6,596
6,232
6,234
6,595
6,236
6,594
6,238
6,240
6,593
6,242
6,592
6,244
6,591
6,246
6,248
6,249
6,590
6,252
6,253
6,254
6,255
6,588
6,257
6,259
6,260
6,320
6,321
6,322
6,585
6,325
6,584
6,327
6,583
6,329
6,330
6,331
6,581
6,333
6,580
6,335
6,337
6,338
6,339
6,341
6,578
6,343
6,577
6,345
6,576
6,347
6,512
6,513
6,514
6,516
6,517
6,519
6,520
6,522
6,524
6,525
6,527
6,528
6,530
6,531
6,533
6,535
6,536
6,538
6,539
6,541
6,543
6,544
6,546
6,547
6,549
6,550
6,552
6,554
6,555
6,557
6,558
6,560
6,562
6,563
6,565
6,566
6,568
6,569
6,571
6,573
6,574
6,350
6,351
6,353
6,355
6,356
6,358
6,359
6,361
6,363
6,364
6,366
6,367
6,369
6,370
6,384
6,386
6,387
6,389
6,390
6,392
6,394
6,395
6,397
6,398
6,400
6,401
6,403
6,405
6,406
6,408
6,409
6,411
6,413
6,414
6,416
6,417
6,419
6,420
6,422
6,424
6,425
6,449
6,450
6,452
6,454
6,455
6,457
6,458
6,460
6,462
6,463
6,465
6,466
6,468
6,469
6,471
6,473
6,474
6,476
6,477
6,479
6,481
6,482
6,484
6,485
6,487
6,488
6,490
6,426
6,492
6,494
6,495
6,497
6,499
6,500
6,502
6,503
6,505
6,506
6,508
6,510
6,511
6,428
6,429
6,431
6,433
6,434
6,436
6,437
6,439
6,441
6,442
6,444
6,445
6,447
6,446
6,443
6,440
6,438
6,435
6,432
6,430
6,427
6,509
6,507
6,504
6,501
6,498
6,496
6,493
6,491
6,489
6,486
6,483
6,480
6,478
6,475
6,472
6,470
6,467
6,464
6,461
6,459
6,456
6,453
6,451
6,448
6,423
6,421
6,418
6,415
6,412
6,410
6,407
6,404
6,402
6,399
6,396
6,393
6,391
6,388
6,385
6,371
6,368
6,365
6,362
6,360
6,357
6,354
6,352
6,575
6,572
6,570
6,567
6,564
6,561
6,559
6,556
6,553
6,551
6,548
6,545
6,542
6,540
6,537
6,534
6,532
6,529
6,526
6,523
6,521
6,518
6,515
6,349
6,348
6,346
6,344
6,342
6,340
6,579
6,336
6,334
6,332
6,582
6,328
6,326
6,324
6,323
6,586
6,587
6,258
6,256
6,589
6,251
6,250
6,247
6,245
6,243
6,241
6,239
6,237
6,235
6,233
6,231
6,229
6,227
6,224
6,223
6,221
6,218
6,216
6,601
6,212
6,210
6,208
6,206
6,604
6,201
6,200
6,197
6,195
6,193
6,191
6,189
6,186
6,185
6,610
6,180
6,179
6,612
6,174
6,172
6,170
6,168
6,166
6,616
6,162
6,160
6,618
6,619
6,154
6,152
6,621
6,148
6,146
6,144
6,142
6,140
6,138
6,136
6,134
6,132
6,130
6,128
6,125
6,123
6,630
6,120
6,632
6,116
6,114
6,112
6,110
6,108
6,105
6,103
6,101
6,99
6,638
6,95
6,93
6,91
6,88
6,87
6,84
6,82
6,643
6,78
6,76
6,645
6,72
6,70
6,67
6,66
6,648
6,61
0,310
0,305
0,308
0,304
0,303
0,302
0,307
0,12
0,10
0,8
0,0
0,300
0,299
0,298
0,297
0,296
0,295
0,294
0,293
0,292
0,291
0,290
0,289
0,288
0,287
0,286
0,285
0,284
0,283
0,282
0,281
0,280
0,279
0,278
0,277
0,276
0,275
0,274
0,273
0,272
0,271
0,270
0,269
0,268
0,267
0,266
0,265
0,264
0,263
0,262
0,261
0,260
0,259
0,258
0,257
0,256
0,255
0,254
0,253
0,252
0,251
0,250
0,249
0,248
0,247
0,246
0,245
0,244
0,242
0,241
0,240
0,239
0,238
0,237
0,236
0,235
0,234
0,233
0,232
0,231
0,230
0,229
0,228
0,227
0,226
0,225
0,224
0,223
0,222
0,221
0,220
0,219
0,218
0,217
0,216
0,215
0,214
0,213
0,212
0,211
0,210
0,209
0,208
0,207
0,206
0,205
0,204
0,203
0,202
0,201
0,200
0,199
0,198
0,197
0,196
0,433
0,195
0,432
0,194
0,431
0,193
0,424
0,192
0,411
0,63
0,398
0,62
0,385
0,61
0,384
0,60
0,383
0,59
0,370
0,58
0,356
0,57
0,343
0,56
0,330
0,55
0,318
0,54
0,317
0,53
0,316
0,52
0,315
0,51
0,314
0,50
0,313
0,49
0,312
0,48
0,311
0,47
0,309
0,46
0,306
0,45
0,301
0,6
0,5
0,1
0,11
0,4
0,2
0,3
0,7
